GPSData/CTD_Data/HS1382C1/HS1382C1.asc
* Sea-Bird SBE35 Data File:
* FileName = C:\CTD\CTD_Data\2020\June\AE2008\HS1382C1.asc
* Software Version 1.59
* Temperature SN = 0066
* Conductivity SN = 0066
* System UpLoad Time = Jun 19 2020 03:17:45
* ds
* SBE35 V 2.0a    SERIAL NO. 0066   19 Jun 2020  03:16:56
*END*
dd0,
  1 19 Jun 2020  01:40:14 bn =  3 diff =    34 val = 622284.3 t90 =  2.320314
  2 19 Jun 2020  01:40:25 bn =  4 diff =    54 val = 622314.1 t90 =  2.319237
  3 19 Jun 2020  01:53:14 bn =  5 diff =    51 val = 612877.3 t90 =  2.663710
  4 19 Jun 2020  01:53:25 bn =  6 diff =    44 val = 612877.3 t90 =  2.663708
  5 19 Jun 2020  02:19:28 bn =  7 diff =   149 val = 585350.8 t90 =  3.703300
  6 19 Jun 2020  02:19:40 bn =  8 diff =    64 val = 585303.1 t90 =  3.705150
  7 19 Jun 2020  02:30:13 bn =  9 diff =    37 val = 569221.4 t90 =  4.338119
  8 19 Jun 2020  02:30:25 bn = 10 diff =    51 val = 569191.8 t90 =  4.339303
  9 19 Jun 2020  02:44:58 bn = 11 diff =    63 val = 519305.6 t90 =  6.437862
 10 19 Jun 2020  02:45:11 bn = 12 diff =    51 val = 519266.9 t90 =  6.439577
 11 19 Jun 2020  03:01:09 bn = 13 diff =    52 val = 308534.2 t90 = 18.809098
 12 19 Jun 2020  03:01:20 bn = 14 diff =    65 val = 308494.8 t90 = 18.812228
 13 19 Jun 2020  03:04:48 bn = 15 diff =   109 val = 302469.3 t90 = 19.297400
 14 19 Jun 2020  03:04:59 bn = 16 diff =    54 val = 302473.8 t90 = 19.297039
 15 19 Jun 2020  03:08:18 bn = 17 diff =   178 val = 291721.6 t90 = 20.190632
 16 19 Jun 2020  03:08:29 bn = 18 diff =    85 val = 291642.2 t90 = 20.197362
 17 19 Jun 2020  03:10:48 bn = 19 diff =   322 val = 273624.1 t90 = 21.782472
 18 19 Jun 2020  03:10:59 bn = 20 diff =   375 val = 273548.2 t90 = 21.789395
 19 19 Jun 2020  03:12:58 bn = 21 diff =   220 val = 266173.8 t90 = 22.472878
 20 19 Jun 2020  03:13:09 bn = 22 diff =   192 val = 266127.7 t90 = 22.477217
 21 19 Jun 2020  03:15:58 bn = 23 diff =    99 val = 255166.5 t90 = 23.534150
 22 19 Jun 2020  03:16:10 bn = 24 diff =    64 val = 255125.6 t90 = 23.538189
